P StGround 0.0000 0.0000 0.0000 0.0000 12.00000 1
P StStump 0.0000 0.6640 0.0000 0.0000 0.01098 1
P StAnvil 0.0000 1.2021 0.0073 0.0000 0.00653 1
P StForge 1.8000 0.6640 0.6000 0.0000 0.00530 1
P StStand 3.2000 0.6640 1.0000 0.0000 0.00513 1
P StBellows 3.2000 1.3240 1.0000 0.0000 0.00490 1
P StWorktable -2.6000 0.6345 0.6000 0.0000 0.01003 1
P StTrough -1.4000 0.6640 -0.9000 0.0000 0.01501 1
P StBucket 0.9000 0.6640 -0.9000 0.0000 0.00973 1
P StGrind 0.2458 0.6640 3.8302 1.6320 0.01250 1
P StPoker 0.6520 0.6640 0.3000 0.0000 0.02604 1
P StPliers -2.3000 1.5838 0.6000 0.0000 0.02172 1
P StMetal1 -2.9000 1.6121 0.4542 0.0000 0.00638 1
P StMetal2 -2.6000 1.5922 0.4000 0.0000 0.00428 1
P StCottage 0.0000 0.0000 0.0000 0.0000 0.02143 1
P StOutdoorGround 0.0000 0.0000 0.0000 0.0000 0.01000 0
P StOutdoorTreeA -13.0000 0.5000 7.0000 0.4000 0.01300 0
P StOutdoorTreeB 12.0000 0.5000 -11.0000 2.1000 0.01100 0
P StOutdoorTreeC -15.0000 0.5000 -15.0000 4.2000 0.00900 0
P StOutdoorLogs 5.8000 0.5000 -7.1000 1.5700 0.01000 0
P StOutdoorRocksA -10.0000 0.5000 -8.0000 0.2000 0.01500 0
P StOutdoorRocksB 9.0000 0.5000 9.0000 2.2000 0.01000 0
P StOutdoorRocksC -6.9000 0.5000 4.0000 1.2000 0.00900 0
P StOutdoorGrassE -5.0000 0.5000 -10.0000 1.8000 0.01800 0
P StOutdoorGrassF 6.0000 0.5000 11.0000 1.2000 0.02200 0
P StOutdoorGrassG -13.0000 0.5000 -2.0000 0.2000 0.02600 0
P StOutdoorGrassH 14.0000 0.5000 -3.0000 2.2000 0.02600 0
C 1.8023 1.1700 0.9700 0.0000 0.5500 0.2500 1.250 1
W -1.3910 0.8994 -0.9000 0.0000 0.7100 0.2050 1
E 1.8023 1.2200 0.9700 0.4000 0.1800 18.00 0.450
