WEAPON 20 6 4
STAGE 0
0.000 0.800 0.800 0.800 0.800 0.000 
0.000 0.800 0.800 0.800 0.800 0.000 
0.000 0.800 0.800 0.800 0.800 0.000 
0.000 0.800 0.800 0.800 0.800 0.000 
0.000 0.800 0.800 0.800 0.800 0.000 
0.000 0.800 0.800 0.800 0.800 0.000 
0.000 0.800 0.800 0.800 0.800 0.000 
0.000 0.800 0.800 0.800 0.800 0.000 
0.000 0.800 0.800 0.800 0.800 0.000 
0.000 0.800 0.800 0.800 0.800 0.000 
0.000 0.800 0.800 0.800 0.800 0.000 
0.000 0.800 0.800 0.800 0.800 0.000 
0.000 0.800 0.800 0.800 0.800 0.000 
0.000 0.800 0.800 0.800 0.800 0.000 
0.000 0.800 0.800 0.800 0.800 0.000 
0.000 0.800 0.800 0.800 0.800 0.000 
0.000 0.800 0.800 0.800 0.800 0.000 
0.000 0.800 0.800 0.800 0.800 0.000 
0.000 0.800 0.800 0.800 0.800 0.000 
0.000 0.800 0.800 0.800 0.800 0.000 
STAGE 1
0.000 0.400 0.600 0.600 0.400 0.000 
0.000 0.400 0.600 0.600 0.400 0.000 
0.000 0.400 0.600 0.600 0.400 0.000 
0.000 0.400 0.600 0.600 0.400 0.000 
0.000 0.400 0.600 0.600 0.400 0.000 
0.000 0.600 0.600 0.600 0.600 0.000 
0.000 0.600 0.600 0.600 0.600 0.000 
0.000 0.600 0.600 0.600 0.600 0.000 
0.000 0.600 0.600 0.600 0.600 0.000 
0.000 0.600 0.600 0.600 0.600 0.000 
0.000 0.600 0.600 0.600 0.600 0.000 
0.000 0.600 0.600 0.600 0.600 0.000 
0.000 0.600 0.600 0.600 0.600 0.000 
0.000 0.600 0.600 0.600 0.600 0.000 
0.000 0.400 0.600 0.600 0.400 0.000 
0.000 0.400 0.600 0.600 0.400 0.000 
0.000 0.400 0.600 0.600 0.400 0.000 
0.000 0.400 0.600 0.600 0.400 0.000 
0.000 0.400 0.400 0.400 0.400 0.000 
0.000 0.400 0.400 0.400 0.400 0.000 
STAGE 2
0.000 0.200 0.600 0.600 0.200 0.000 
0.000 0.200 0.600 0.600 0.200 0.000 
0.000 0.200 0.600 0.600 0.200 0.000 
0.000 0.200 0.600 0.600 0.200 0.000 
0.000 0.200 0.600 0.600 0.200 0.000 
0.000 0.400 0.600 0.600 0.400 0.000 
0.200 0.600 0.600 0.600 0.600 0.200 
0.200 0.600 0.600 0.600 0.600 0.200 
0.200 0.400 0.600 0.600 0.400 0.200 
0.000 0.400 0.600 0.600 0.400 0.000 
0.000 0.400 0.600 0.600 0.400 0.000 
0.000 0.400 0.600 0.600 0.400 0.000 
0.000 0.400 0.400 0.400 0.400 0.000 
0.000 0.400 0.400 0.400 0.400 0.000 
0.000 0.200 0.400 0.400 0.200 0.000 
0.000 0.200 0.400 0.400 0.200 0.000 
0.000 0.200 0.400 0.400 0.200 0.000 
0.000 0.200 0.400 0.400 0.200 0.000 
0.000 0.200 0.200 0.200 0.200 0.000 
0.000 0.200 0.200 0.200 0.200 0.000 
STAGE 3
0.000 0.000 0.600 0.600 0.000 0.000 
0.000 0.000 0.600 0.600 0.000 0.000 
0.000 0.000 0.600 0.600 0.000 0.000 
0.000 0.000 0.600 0.600 0.000 0.000 
0.000 0.000 0.600 0.600 0.000 0.000 
0.000 0.000 0.600 0.600 0.000 0.000 
0.000 0.000 0.600 0.600 0.000 0.000 
0.000 0.000 0.600 0.600 0.000 0.000 
0.000 0.000 0.600 0.600 0.000 0.000 
0.000 0.000 0.400 0.400 0.000 0.000 
0.000 0.000 0.400 0.400 0.000 0.000 
0.000 0.000 0.400 0.400 0.000 0.000 
0.000 0.600 0.600 0.600 0.600 0.000 
0.000 0.600 0.600 0.600 0.600 0.000 
0.000 0.000 0.600 0.600 0.000 0.000 
0.000 0.600 0.600 0.600 0.600 0.000 
0.000 0.600 0.600 0.600 0.600 0.000 
0.000 0.000 0.600 0.600 0.000 0.000 
0.000 0.000 0.600 0.600 0.000 0.000 
0.000 0.000 0.000 0.000 0.000 0.000 
